281.16135167495236	0.0
281.17272276863224	0.0
281.1840938623121	0.0
281.19546495599207	0.0
281.20683604967195	0.0
281.21820714335183	0.0
281.2295782370317	0.0
281.2409493307116	0.0
281.25232042439154	0.0
281.2636915180714	0.0
281.2750626117513	0.0
281.2864337054312	0.0
281.2978047991111	0.0
281.30917589279096	0.0
281.3205469864709	0.0
281.3319180801508	0.0
281.34328917383067	0.0
281.35466026751055	0.0
281.36603136119044	8.493524276509159e-06
281.3774024548704	1.0623495476747718e-05
281.38877354855026	1.3244899763652928e-05
281.40014464223015	1.6460068881625814e-05
281.41151573591003	2.0389959089537055e-05
281.4228868295899	2.517693126590229e-05
281.43425792326985	3.098781595073556e-05
281.44562901694974	3.801726544736236e-05
281.4570001106296	4.6491388431167384e-05
281.4683712043095	5.6671654402198344e-05
281.4797422979894	6.885904570188939e-05
281.49111339166933	8.339842365487583e-05
281.5024844853492	0.00010068306270555676
281.5138555790291	0.00012115929226299974
281.525226672709	0.00014533117048079233
281.53659776638887	0.00017376509759007053
281.54796886006875	0.00020709425896740016
281.5593399537487	0.0002460227702374444
281.5707110474286	0.0002913293788596869
281.58208214110846	0.0003438705593988502
281.59345323478834	0.00040458282369010837
281.6048243284682	0.0004744840531248931
281.61619542214817	0.0005546736491123609
281.62756651582805	0.0006463312902775122
281.63893760950793	0.0007507140820286898
281.6503087031878	0.0008691518866517164
281.6616797968677	0.001003040630915788
281.67305089054764	0.0011538334040830048
281.6844219842275	0.0013230291828575077
281.6957930779074	0.0015121590516889779
281.7071641715873	0.001722769827250497
281.7185352652672	0.0019564050448854222
281.7299063589471	0.0022145833221172704
281.741277452627	0.002498774179374153
281.7526485463069	0.0028103714699825406
281.76401963998677	0.003150664648960445
281.77539073366665	0.0035208081915515995
281.78676182734654	0.003921789555804588
281.7981329210265	0.004354396166508308
281.80950401470636	0.004819181977867288
281.82087510838625	0.005316434246644792
281.83224620206613	0.0058461412131926155
281.843617295746	0.006407961441858666
281.85498838942596	0.007001195611817384
281.86635948310584	0.007624761571684615
281.8777305767857	0.008277173473938935
281.8891016704656	0.008956525786176315
281.9004727641455	0.009668976458386151
281.91184385782543	0.010396898760639628
281.9232149515053	0.011143946831165834
281.9345860451852	0.011906601245969319
281.9459571388651	0.012680958339938653
281.95732823254497	0.01346275897902573
281.9686993262249	0.01424742559155802
281.9800704199048	0.015030107301843482
281.9914415135847	0.015805732811648484
282.00281260726456	0.016569070473668124
282.01418370094444	0.01731479480128561
282.0255547946243	0.01803755846650935
282.03692588830427	0.018740562183105075
282.04829698198415	0.01940379001302985
282.05966807566404	0.020029153114145156
282.0710391693439	0.020612106225201363
282.0824102630238	0.02114849866487155
282.09378135670374	0.021634653709261025
282.1051524503836	0.02206744349388627
282.1165235440635	0.02244435784652437
282.1278946377434	0.022763565532600137
282.1392657314233	0.02302396650726922
282.1506368251032	0.023225233915605447
282.1620079187831	0.02336784476079418
282.173379012463	0.023453098365525442
282.18475010614287	0.023483121978656846
282.19612119982276	0.023460863121875442
282.2074922935027	0.02339006852335123
282.2188633871826	0.023275249740900755
282.23023448086246	0.0231216358296841
282.24160557454235	0.022935113652924794
282.25297666822223	0.02272215666301394
282.2643477619021	0.02248974318970809
282.27571885558206	0.022245265457789147
282.28708994926194	0.02199643071521791
282.2984610429418	0.02175115598209243
282.3098321366217	0.02151745802916401
282.3212032303016	0.02130334026172223
282.33257432398153	0.02111667822064141
282.3439454176614	0.02096510541834641
282.3553165113413	0.020855901205109585
282.3666876050212	0.02079588231264142
282.37805869870107	0.020791299649958277
282.389429792381	0.020847741833790498
282.4008008860609	0.020970046825204067
282.4121719797408	0.02116222291847597
282.42354307342066	0.021427380190268498
282.43491416710054	0.021767673369246402
282.4462852607805	0.022184256930653415
282.45765635446037	0.022677253058891386
282.46902744814025	0.023245732955413385
282.48039854182014	0.02388771180057507
282.4917696355	0.024600157507597236
282.5031407291799	0.025379013235444694
282.51451182285984	0.026219233456122072
282.52588291653973	0.02711483320154301
282.5372540102196	0.028058949946755132
282.5486251038995	0.029043917421074254
282.5599961975794	0.030061350477991234
282.5713672912593	0.031102240000215192
282.5827383849392	0.032157056669827135
282.5941094786191	0.03321586229742016
282.605480572299	0.034268427280702785
282.61685166597886	0.035304352654914224
282.6282227596588	0.036313195107206486
282.6395938533387	0.03728459325754064
282.65096494701856	0.03820839346215728
282.66233604069845	0.03907477337461197
282.67370713437833	0.039874361505659775
282.6850782280583	0.040598351058403606
282.69644932173816	0.04123860637999378
282.70782041541804	0.041787760466026565
282.7191915090979	0.042239302078157126
282.7305626027778	0.04258765118806968
282.7419336964577	0.04282822163980667
282.75330479013763	0.042957470124750145
282.7646758838175	0.042972930785752796
282.7760469774974	0.04287323500485786
282.7874180711773	0.04265811617799789
282.79878916485717	0.04232839953486037
282.8101602585371	0.04188597731729523
282.821531352217	0.04133376987961976
282.8329024458969	0.04067567351337114
282.84427353957676	0.03991649602207681
282.85564463325665	0.03906188127341025
282.8670157269366	0.03811822413212734
282.87838682061647	0.03709257732352164
282.88975791429635	0.03599255189063387
282.90112900797624	0.03482621298678341
282.9125001016561	0.03360197278675327
282.92387119533606	0.03232848230469899
282.93524228901595	0.031014523875066542
282.94661338269583	0.02966890598592973
282.9579844763757	0.02830036205450916
282.9693555700556	0.02691068582903079
282.9807266637355	0.025523109229522657
282.9920977574154	0.02413716039095054
283.0034688510953	0.0227604370350347
283.0148399447752	0.021400051478254786
283.0262110384551	0.0200625789887999
283.03758213213496	0.01875401629440462
283.0489532258149	0.017479750358716403
283.0603243194948	0.016244537343596002
283.07169541317467	0.01505249148720677
283.08306650685455	0.01390708345671448
283.09443760053443	0.012811147583070087
283.1058086942144	0.011766897256158856
283.11717978789426	0.010775947653313089
283.12855088157414	0.009839344893801887
283.139921975254	0.008957600656702806
283.1512930689339	0.008130731269109162
283.16266416261385	0.007358300264881593
283.17403525629373	0.0066394634295023
283.1854063499736	0.0059730153819502925
283.1967774436535	0.005357436797424096
283.2081485373334	0.004790941442456305
283.21951963101327	0.004271522273580289
283.2308907246932	0.003796995939237957
283.2422618183731	0.0033650451190949016
283.253632912053	0.0029732582324990464
283.26500400573286	0.002619166145807379
283.27637509941275	0.0023002756042842724
283.2877461930927	0.0020140992061101837
283.29911728677257	0.0017581818219264223
283.31048838045245	0.0015301234418249078
283.32185947413234	0.0013275985016730754
283.3332305678122	0.0011483718013965802
283.34460166149216	0.0009903111789147162
283.35597275517205	0.0008513971447342466
283.36734384885193	0.0007297297139323881
283.3787149425318	0.0006235326948142503
283.3900860362117	0.0005311557075270914
283.4014571298916	0.00045107421212127577
283.4128282235715	0.0003818878248462125
283.4241993172514	0.0003223171948104225
283.4355704109313	0.0002711997015033467
283.4469415046112	0.00022748421805693722
283.45831259829106	0.00019022516647169635
283.469683691971	0.00015857607024444525
283.4810547856509	0.00013178278773974745
283.49242587933077	0.00010917658698206591
283.50379697301065	8.339842365487583e-05
283.51516806669053	6.885904570188939e-05
283.5265391603705	5.6671654402198344e-05
283.53791025405036	4.6491388431167384e-05
283.54928134773024	3.801726544736236e-05
283.5606524414101	3.098781595073556e-05
283.57202353509	2.517693126590229e-05
283.58339462876995	2.0389959089537055e-05
283.59476572244984	1.6460068881625814e-05
283.6061368161297	1.3244899763652928e-05
283.6175079098096	1.0623495476747718e-05
283.6288790034895	8.493524276509159e-06
283.6402500971694	0.0
283.6516211908493	0.0
283.6629922845292	0.0
283.6743633782091	0.0
283.68573447188896	0.0
283.69710556556885	0.0
283.7084766592488	0.0
283.7198477529287	8.493524276509159e-06
283.73121884660856	1.0623495476747718e-05
283.74258994028844	1.3244899763652928e-05
283.7539610339683	1.6460068881625814e-05
283.76533212764826	2.0389959089537055e-05
283.77670322132815	2.517693126590229e-05
283.78807431500803	3.098781595073556e-05
283.7994454086879	3.801726544736236e-05
283.8108165023678	4.6491388431167384e-05
283.82218759604774	5.6671654402198344e-05
283.8335586897276	6.885904570188939e-05
283.8449297834075	8.339842365487583e-05
283.8563008770874	0.00010068306270555676
283.8676719707673	0.00012115929226299974
283.87904306444716	0.00014533117048079233
283.8904141581271	0.00017376509759007053
283.901785251807	0.00020709425896740016
283.91315634548687	0.0002460227702374444
283.92452743916675	0.0002913293788596869
283.93589853284664	0.0003438705593988502
283.9472696265266	0.00040458282369010837
283.95864072020646	0.0004744840531248931
283.97001181388634	0.0005546736491123609
283.9813829075662	0.0006463312902775122
283.9927540012461	0.0007507140820286898
284.00412509492605	0.0008691518866517164
284.01549618860594	0.001003040630915788
284.0268672822858	0.0011538334040830048
284.0382383759657	0.0013230291828575077
284.0496094696456	0.0015121590516889779
284.06098056332553	0.001722769827250497
284.0723516570054	0.0019564050448854222
284.0837227506853	0.0022145833221172704
284.0950938443652	0.002507267703650662
284.10646493804506	0.0028209949654592883
284.11783603172495	0.0031639095487240977
284.1292071254049	0.0035372682604332254
284.1405782190848	0.003942179514894125
284.15194931276466	0.00437957309777421
284.16332040644454	0.004850169793818023
284.1746915001244	0.005354451512092155
284.18606259380437	0.005892632601623783
284.19743368748425	0.006464633096260865
284.20880478116413	0.007078548181795783
284.220175874844	0.007718783490816239
284.2315469685239	0.008391101436408146
284.24291806220384	0.00909414514732094
284.2542891558837	0.00982620406367997
284.2656602495636	0.010585217294018852
284.2770313432435	0.011368784006320317
284.2884024369234	0.0121741812127725
284.2997735306033	0.01299838914813997
284.3111446242832	0.013838124261560876
284.3225157179631	0.014689879644999283
284.33388681164297	0.01554997251317589
284.34525790532285	0.016414598135035232
284.35662899900274	0.01727988940180644
284.3680000926827	0.018141981008093205
284.37937118636256	0.01899707702709626
284.39074228004245	0.0198415204860062
284.40211337372233	0.020671863399610548
284.4134844674022	0.021484935605617903
284.42485556108215	0.022277910669817495
284.43622665476204	0.023048367097755217
284.4475977484419	0.023794343105767994
284.4589688421218	0.02451438327030548
284.4703399358017	0.02520757549132982
284.48171102948163	0.025873576872490093
284.4930821231615	0.02651262733535429
284.5044532168414	0.027125550043258582
284.5158243105213	0.027713738006749384
284.52719540420117	0.028279126570157014
284.5385664978811	0.028824151829298393
284.549937591561	0.029351695394374152
284.5613086852409	0.029865016279756195
284.57267977892076	0.030367671063051785
284.58405087260064	0.030863423798949213
284.5954219662805	0.03135614748848177
284.60679305996047	0.031849719181629044
284.61816415364035	0.03234791102162862
284.62953524732023	0.032854279715204326
284.6409063410001	0.033372057027794194
284.65227743468	0.033904043952123944
284.66364852835994	0.034452511179316206
284.6750196220398	0.03501910841330766
284.6863907157197	0.03560478491283581
284.6977618093996	0.03620972342382079
284.7091329030795	0.036833289383688024
284.7205039967594	0.03747399694491608
284.7318750904393	0.038129492986291355
284.7432461841192	0.03879655986678106
284.75461727779907	0.039471137239419536
284.76598837147895	0.040148362792688075
284.7773594651589	0.04082263133648743
284.7887305588388	0.04148767121092614
284.80010165251866	0.04213663658042843
284.81147274619855	0.04276221379410651
284.82284383987843	0.043356739655971185
284.8342149335583	0.04391232916415183
284.84558602723826	0.04442950357841321
284.85695712091814	0.04488548481818412
284.868328214598	0.04527939772022754
284.8796993082779	0.04560394305230414
284.8910704019578	0.04585230178704601
284.90244149563773	0.0460182633875094
284.9138125893176	0.04609634432338297
284.9251836829975	0.046081894502723375
284.9365547766774	0.045971189597241155
284.94792587035727	0.045761507574671165
284.9592969640372	0.04545118812002315
284.9706680577171	0.04503967401819885
284.982039151397	0.04452753397286633
284.99341024507686	0.043916466739812414
285.00478133875674	0.04320928684671568
285.0161524324367	0.04240989254542006
285.02752352611657	0.04152321698821572
285.03889461979645	0.04055516392832872
285.05026571347634	0.0395210230343578
285.0616368071562	0.03841353542628112
285.0730079008361	0.03724785582073245
285.08437899451604	0.036032979168118526
285.0957500881959	0.03477839727409024
285.1071211818758	0.033493983025152926
285.1184922755557	0.03218987307059466
285.1298633692356	0.030876350938591667
285.1412344629155	0.02956373242495438
285.1526055565954	0.028262254918659357
285.1639766502753	0.026981972126264638
285.1753477439552	0.025732655435205663
285.18671883763506	0.024523702921691665
285.198089931315	0.02336405677027498
285.2094610249949	0.022262129636618756
285.22083211867476	0.02122574025943712
285.23220321235465	0.020262058418129787
285.24357430603453	0.01937755914441809
285.2549453997145	0.018577985933348376
285.26631649339436	0.017868322564207208
285.27768758707424	0.01725277303680796
285.2890586807541	0.016734749053655212
285.300429774434	0.016316864432901056
285.3118008681139	0.016000935818938175
285.32317196179383	0.015781220287863294
285.3345430554737	0.015672893756547138
285.3459141491536	0.01566700627649569
285.3572852428335	0.015762347907578207
285.36865633651337	0.01595698031839964
285.3800274301933	0.016248264945686212
285.3913985238732	0.016632893914880764
285.4027696175531	0.017106923511899765
285.41414071123296	0.017665810051216195
285.42551180491284	0.018304448029874933
285.4368828985928	0.019017210488972
285.44825399227267	0.019797991522578044
285.45962508595255	0.020640250878888326
285.47099617963244	0.021537060590109732
285.4823672733123	0.02248115354749143
285.49373836699226	0.02346497390777146
285.50510946067214	0.024480729179382453
285.51648055435203	0.02552044379355741
285.5278516480319	0.026576013919658248
285.5392227417118	0.027639263238258605
285.5505938353917	0.0287019993422322
285.5619649290716	0.029756070397533314
285.5733360227515	0.03079342166332599
285.5847071164314	0.031806151446986536
285.5960782101113	0.03278656605413189
285.60744930379116	0.03372723328756585
285.6188203974711	0.03462103405174796
285.630191491151	0.03546121163049629
285.64156258483087	0.03624141822419194
285.65293367851075	0.036955758357543105
285.66430477219063	0.03759882879860746
285.6756758658706	0.0381657546628278
285.68704695955046	0.03865222141092248
285.69841805323034	0.03904773370906177
285.7097891469102	0.03936410543904332
285.7211602405901	0.03959041730838499
285.73253133427005	0.0397248760999705
285.74390242794993	0.03976633101906732
285.7552735216298	0.0397142782431093
285.7666446153097	0.039568860111819246
285.7780157089896	0.0393308589503758
285.78938680266947	0.03900168555013632
285.8007578963494	0.03858336236522059
285.8121289900293	0.03807173274369618
285.8235000837092	0.03748490083613825
285.83487117738906	0.03681813899639848
285.84624227106895	0.03607569709462162
285.8576133647489	0.03526226960164031
285.86898445842877	0.03438295197682982
285.88035555210865	0.03344319325188104
285.89172664578854	0.03244874528684104
285.9030977394684	0.031405609233185486
285.91446883314836	0.030319979793933992
285.92583992682825	0.029198187920753547
285.93721102050813	0.02804664263041428
285.948582114188	0.026871772655718093
285.9599532078679	0.025679968667148764
285.97132430154784	0.024477526809315624
285.9826953952277	0.023270594289499267
285.9940664889076	0.02206511773345101
286.0054375825875	0.020866794985774234
286.0168086762674	0.019681030979021904
286.02817976994726	0.01851289822794772
286.0395508636272	0.01736710242456773
286.0509219573071	0.01624795351774237
286.06229305098697	0.015159342560223268
286.07366414466685	0.014104724499204965
286.08503523834673	0.013087106976287604
286.0964063320267	0.012109045092413376
286.10777742570656	0.01117264198579862
286.11914851938644	0.010279554969033822
286.1305196130663	0.00943100687802194
286.1418907067462	0.008627802202600404
286.15326180042615	0.0078703474984691
286.16463289410603	0.007158675523887356
286.1760039877859	0.006492472503470128
286.1873750814658	0.005871107895757153
286.1987461751457	0.005293666030992181
286.2101172688256	0.004758978990198416
286.2214883625055	0.004265660115203438
286.2328594561854	0.0038121375704112865
286.2442305498653	0.0033966874191978893
286.25560164354516	0.0030174657289499408
286.26697273722505	0.0026725392769642235
286.278343830905	0.002359914492598063
286.28971492458487	0.002077564337148422
286.30108601826475	0.0018234528899560537
286.31245711194464	0.0015955574753438537
286.3238282056245	0.001391888228559397
286.33519929930446	0.0012105050584852032
286.34657039298435	0.0010495320193469552
286.35794148666423	0.0009071691520990788
286.3693125803441	0.0007817018979794254
286.380683674024	0.0006715082215434145
286.39205476770394	0.0005750636082018979
286.4034258613838	0.0004909441220065189
286.4147969550637	0.0004178277234537613
286.4261680487436	0.0003544940548755979
286.4375391424235	0.0002998229031361961
286.4489102361034	0.0002460227702374444
286.4602813297833	0.00020709425896740016
286.4716524234632	0.00017376509759007053
286.48302351714307	0.00014533117048079233
286.49439461082295	0.00012115929226299974
286.50576570450283	0.00010068306270555676
286.5171367981828	8.339842365487583e-05
286.52850789186266	6.885904570188939e-05
286.53987898554254	5.6671654402198344e-05
286.5512500792224	4.6491388431167384e-05
286.5626211729023	3.801726544736236e-05
286.57399226658225	3.098781595073556e-05
286.58536336026214	2.517693126590229e-05
286.596734453942	2.0389959089537055e-05
286.6081055476219	1.6460068881625814e-05
286.6194766413018	1.3244899763652928e-05
286.6308477349817	1.0623495476747718e-05
286.6422188286616	8.493524276509159e-06
286.6535899223415	0.0
286.6649610160214	0.0
286.67633210970126	0.0
286.6877032033812	0.0
286.6990742970611	0.0
286.710445390741	0.0
286.72181648442086	0.0
286.73318757810074	0.0
286.7445586717806	0.0
286.75592976546056	0.0
286.76730085914045	0.0
286.77867195282033	0.0
286.7900430465002	0.0
286.8014141401801	0.0
286.81278523386004	0.0
286.8241563275399	0.0
286.8355274212198	0.0
